
TT # :   1 NL=220 AI=16 d=6
0 0 0 1 1 0 0 1 1 0 1 1 1 1 1 0 1 1 0 0 1 1 0 0 0 1 1 1 0 0 1 1 0 1 1 1 1 1 1 0 1 0 0 0 1 0 0 1 0 0 1 1 0 1 0 1 1 1 1 0 0 0 0 1 1 0 1 1 1 0 0 1 1 1 1 0 0 0 1 1 0 1 0 1 0 1 0 0 0 0 1 0 1 1 0 1 1 1 0 0 0 1 0 0 1 1 1 1 1 1 1 0 0 1 0 1 1 1 1 0 0 0 0 1 0 1 1 0 0 1 0 1 0 1 0 0 0 0 1 0 0 0 0 1 1 0 0 0 0 1 1 1 0 1 1 1 0 0 0 0 1 1 0 1 1 1 0 1 1 1 1 1 1 1 1 0 0 1 0 1 1 1 1 0 1 1 1 1 0 1 0 0 1 0 1 1 1 0 0 0 1 0 1 1 0 1 0 0 0 1 1 0 1 1 1 1 0 1 1 0 0 0 0 1 0 1 1 0 1 0 1 1 1 1 0 1 1 1 1 1 1 0 1 1 1 0 0 0 1 0 0 1 0 0 0 0 0 1 0 1 1 1 0 0 1 1 0 1 1 1 1 1 1 0 0 1 1 0 1 1 1 0 1 1 1 1 0 0 0 1 1 0 1 1 0 0 1 1 0 1 1 0 1 0 1 0 1 1 0 1 1 1 0 1 1 1 0 0 1 1 0 1 0 1 0 0 0 0 1 0 0 0 1 1 0 0 1 1 0 1 0 0 0 1 1 0 1 0 1 1 0 1 1 0 0 0 1 0 1 1 1 1 0 0 0 0 0 1 1 1 0 0 1 0 0 1 1 1 0 0 0 1 0 1 1 0 1 0 1 1 0 1 1 0 1 1 1 0 1 1 0 1 1 0 0 0 0 0 1 1 1 1 1 1 1 1 0 0 1 0 1 1 1 0 0 0 0 1 1 1 1 1 0 1 1 0 0 1 1 1 1 0 1 0 1 1 1 1 1 1 1 1 0 1 0 1 0 0 1 1 1 1 0 1 0 1 1 0 1 0 0 1 1 1 1 1 0 0 0 1 1 0 1 0 1 1 1 1 1 1 1 1 1 1 1 0 1 1 1 0 1 0 0 1 1 0 1 0 1 0 0 0 
TT # :   2 NL=220 AI=16 d=6
0 0 1 1 0 1 1 0 0 0 0 1 1 0 1 1 1 0 1 1 0 1 1 0 0 0 1 1 1 1 1 1 1 0 0 1 0 0 1 1 1 0 0 0 1 1 1 1 1 0 1 1 1 0 1 0 1 1 0 1 0 0 0 0 1 0 1 1 1 1 0 1 0 1 1 1 0 1 1 1 1 1 1 1 1 0 1 1 0 0 0 1 0 0 0 1 0 0 1 0 1 0 0 0 1 0 0 0 1 0 1 0 0 0 1 0 0 1 0 1 1 1 1 1 1 1 1 0 0 1 1 1 1 1 1 1 1 0 0 1 1 1 1 1 1 1 1 0 1 1 0 0 1 0 1 0 0 1 0 1 1 1 0 1 0 1 1 1 0 1 1 1 0 0 0 0 1 1 1 0 0 1 1 0 0 1 0 1 1 1 0 0 0 1 0 1 0 1 1 1 1 1 1 1 1 0 1 1 0 0 0 1 1 1 0 0 0 0 1 1 1 1 1 0 1 0 1 0 1 1 0 1 1 0 1 1 0 0 1 1 0 1 0 0 0 1 1 1 0 1 1 1 1 1 1 0 1 1 1 1 0 0 0 1 1 0 0 0 1 0 0 1 1 1 1 0 0 0 1 0 0 1 0 1 1 1 0 1 1 0 0 0 1 1 1 1 1 0 0 0 0 0 1 1 0 1 0 1 0 0 0 1 1 1 0 1 1 1 0 1 0 1 1 0 1 1 0 0 0 1 1 0 1 1 0 1 0 0 1 1 1 1 1 1 0 1 0 1 0 0 1 1 0 0 1 1 0 0 1 0 1 0 0 0 0 1 1 1 1 0 0 0 1 1 0 1 0 1 0 1 1 0 1 0 1 1 1 1 1 0 1 1 0 1 0 1 0 1 0 0 0 0 0 1 1 1 0 1 0 1 0 1 0 0 1 1 1 1 1 1 1 1 0 1 1 1 0 1 1 1 0 1 1 1 1 1 1 1 0 0 1 0 1 1 0 1 1 0 0 1 1 1 1 0 1 0 0 0 0 0 1 0 0 0 1 1 0 1 1 0 1 0 1 1 0 1 0 1 1 0 0 0 1 1 0 0 1 0 0 0 0 0 1 0 0 1 0 1 1 1 1 0 0 1 1 0 0 1 0 1 1 0 
TT # :   3 NL=220 AI=16 d=6
0 0 1 0 1 1 1 1 1 0 1 0 0 1 0 1 0 1 1 1 1 0 1 0 0 1 0 0 1 1 0 0 1 1 1 0 1 1 0 1 0 0 0 0 0 1 1 0 1 0 0 0 1 1 1 1 0 0 1 1 0 0 0 1 0 0 0 0 0 1 0 0 1 0 0 1 0 1 0 0 1 0 1 0 1 1 1 1 0 0 1 1 1 1 0 0 1 1 1 0 1 1 0 0 0 1 1 1 0 1 0 0 0 1 1 1 1 0 1 1 1 1 1 0 1 0 0 0 0 0 1 0 1 0 1 1 1 0 1 1 1 1 1 0 0 1 1 0 1 0 1 1 1 1 0 1 0 1 0 1 0 0 0 0 1 0 1 0 1 0 0 0 1 1 1 0 1 0 1 1 1 0 0 0 1 0 1 0 1 0 0 0 1 1 1 0 1 1 1 1 0 1 0 0 1 1 1 1 0 1 1 1 0 0 1 1 0 1 0 1 1 1 1 1 1 1 0 0 0 1 1 0 0 1 1 0 1 1 0 0 1 1 1 1 1 1 1 1 1 1 1 0 1 1 1 0 1 0 1 0 1 1 0 1 0 1 0 1 0 1 1 0 0 1 1 1 1 0 0 1 1 1 1 0 0 0 0 1 1 1 1 0 0 0 1 1 0 1 0 1 1 0 0 1 1 1 1 0 0 1 1 0 1 0 1 0 1 1 1 0 0 0 1 1 1 1 0 0 1 1 1 0 0 0 0 1 1 1 1 0 1 1 1 0 1 1 1 1 1 1 1 0 1 0 1 1 1 0 0 1 0 1 0 0 0 1 1 0 0 1 0 0 0 1 0 0 1 0 0 1 1 1 1 1 0 1 0 1 0 1 1 0 1 1 1 0 1 1 1 1 0 1 1 1 1 1 0 1 1 0 1 0 1 1 0 0 1 1 0 1 0 0 1 1 1 1 0 0 0 0 1 0 1 0 0 1 1 0 1 1 0 0 0 1 1 0 0 1 1 0 0 0 1 1 1 1 0 0 1 1 0 1 0 1 1 0 1 1 0 0 1 1 0 0 1 0 0 1 1 1 1 0 0 1 1 1 0 1 1 1 1 1 0 1 1 1 1 0 0 1 0 0 0 0 0 0 1 1 1 1 1 0 
TT # :   4 NL=220 AI=16 d=6
0 1 0 1 0 0 1 1 1 1 0 1 0 1 1 1 1 0 0 1 1 0 1 1 1 1 1 1 1 0 0 0 1 1 1 0 0 1 0 1 1 1 1 1 0 0 0 0 0 1 1 0 1 0 1 1 0 1 0 0 1 1 1 1 0 1 1 1 1 0 1 1 1 1 1 0 1 1 0 0 1 0 0 1 0 1 0 0 1 1 0 1 0 0 1 0 0 0 0 1 1 1 1 1 0 0 1 0 0 1 1 1 1 1 1 0 1 1 0 1 0 0 0 1 0 1 1 1 1 1 0 0 1 0 1 0 1 1 0 1 0 0 1 0 1 0 1 1 1 0 0 1 0 0 0 0 1 0 1 0 0 1 1 0 0 1 1 0 0 1 1 1 0 0 0 1 0 1 0 1 1 0 0 1 1 0 1 0 0 0 1 1 1 1 1 1 0 0 0 0 0 0 1 0 0 0 0 1 1 1 1 0 1 0 1 0 1 1 1 0 1 1 0 1 0 1 1 1 0 0 1 0 1 0 1 1 1 0 0 1 0 1 0 1 0 0 1 0 0 1 1 0 1 0 0 1 0 1 1 0 0 1 1 1 0 1 1 0 0 1 0 1 0 1 0 0 1 1 0 0 0 1 0 1 0 0 1 1 1 1 0 1 0 1 0 1 0 1 1 1 1 1 1 1 0 0 1 1 1 1 1 0 0 0 0 0 0 0 0 0 1 0 1 0 0 0 1 1 1 1 1 1 0 1 1 1 1 0 1 0 1 1 1 0 1 1 1 1 1 1 0 0 0 1 1 0 0 1 1 0 1 1 1 1 1 1 0 1 1 0 1 1 1 1 1 0 0 0 1 1 0 1 0 1 1 0 0 0 1 1 1 1 1 1 0 1 0 0 0 1 1 1 0 1 1 1 1 1 0 0 1 1 0 0 0 1 0 1 1 1 1 1 0 1 1 0 1 0 1 0 1 1 0 0 1 1 1 1 0 0 0 1 0 0 0 0 1 1 0 1 1 1 1 1 0 1 1 1 0 1 1 1 1 0 1 1 1 0 0 1 1 0 1 1 1 1 1 1 1 1 1 1 0 0 1 1 1 0 1 1 0 0 0 0 0 0 1 1 0 1 0 1 1 0 0 1 0 0 0 0 0 1 
TT # :   5 NL=220 AI=16 d=6
0 1 0 0 1 0 1 0 0 1 1 0 1 0 0 1 0 1 0 1 0 1 1 1 1 0 0 0 1 0 1 1 1 0 0 1 1 0 1 1 0 1 1 1 1 0 0 1 0 1 0 1 1 1 1 0 1 0 1 0 1 1 1 0 1 1 0 0 0 0 1 0 0 0 0 0 1 1 1 1 1 1 0 0 0 0 0 0 1 1 1 1 1 1 1 1 1 1 0 1 1 0 1 1 1 1 0 1 1 0 0 1 1 0 1 1 0 0 1 1 0 0 0 0 0 0 0 1 1 0 0 1 1 1 1 0 1 1 1 1 0 0 1 1 0 0 1 1 1 1 1 0 0 1 1 1 1 0 1 0 1 0 1 1 1 0 1 1 1 0 0 0 1 1 1 1 0 0 0 0 0 1 1 1 0 1 0 1 0 1 1 1 0 1 0 0 1 0 0 0 1 0 0 1 0 1 0 1 1 0 0 0 0 1 0 1 1 0 0 0 1 1 0 0 0 0 0 1 1 0 0 1 0 1 1 0 0 1 1 0 1 1 1 0 1 0 1 0 1 1 1 1 1 0 0 1 0 0 1 1 1 0 1 1 1 0 1 1 1 0 1 0 1 1 0 1 0 1 1 1 1 1 1 0 1 1 1 1 1 0 1 1 1 0 0 1 1 0 1 0 0 1 0 1 1 0 0 0 1 0 0 1 0 1 1 1 0 0 1 1 1 1 1 1 0 0 1 1 0 1 1 1 1 0 1 1 0 1 1 1 1 1 1 1 0 1 0 1 0 0 0 1 1 1 1 0 1 1 0 1 0 0 1 1 1 1 0 0 0 1 1 1 0 1 1 1 1 1 1 1 0 0 0 0 0 0 1 0 0 0 1 0 0 1 1 0 1 0 1 0 1 0 1 1 1 1 1 1 1 1 0 0 1 1 1 0 0 1 0 1 0 0 1 1 1 0 1 1 0 1 0 0 0 1 0 1 1 0 1 1 1 1 1 0 1 1 0 0 1 0 0 0 1 0 0 0 1 1 1 0 0 0 1 1 1 0 0 0 1 1 1 1 0 0 0 0 1 1 1 0 0 1 1 0 0 0 0 1 0 0 1 1 1 1 1 0 0 0 1 1 1 1 1 1 1 1 1 0 1 0 0 1 
TT # :   6 NL=220 AI=16 d=6
0 1 1 0 0 1 0 1 1 1 0 0 1 1 0 0 0 0 1 0 1 1 0 1 1 1 0 0 0 1 1 1 0 1 1 1 0 1 1 0 0 1 1 1 1 1 1 1 1 1 0 1 0 0 0 1 1 0 0 1 1 1 1 1 1 1 0 0 0 1 1 0 1 0 0 1 1 0 1 1 0 1 1 0 1 1 1 1 1 1 0 0 0 0 1 1 0 0 1 1 0 1 1 1 1 0 1 0 1 1 0 1 1 1 0 0 1 0 0 0 1 1 1 0 1 0 0 1 1 0 1 1 0 1 0 1 0 1 0 0 1 1 0 1 0 1 0 1 0 1 0 1 1 0 1 0 1 1 1 1 1 0 1 1 0 0 0 1 0 0 0 0 0 0 0 1 1 0 1 1 1 1 1 1 1 1 1 1 1 1 1 1 1 0 1 0 0 1 1 1 1 1 0 1 1 0 1 0 1 1 1 1 0 1 1 0 1 1 0 1 0 0 1 1 1 1 0 1 1 1 1 1 0 0 0 0 1 0 1 0 0 0 0 1 0 1 0 1 0 0 0 1 0 1 1 1 1 0 0 1 0 1 1 0 1 1 1 0 1 1 0 0 1 0 1 0 1 1 1 0 0 0 0 0 1 1 1 0 0 1 0 1 1 0 1 0 1 1 1 1 1 1 0 0 0 1 1 0 1 1 1 1 1 1 0 1 1 1 0 1 1 1 0 0 1 1 1 1 1 0 0 1 1 0 1 0 1 0 0 1 0 0 0 1 1 0 1 0 1 1 1 1 0 1 0 1 0 1 0 0 0 1 1 1 1 0 1 0 0 0 1 1 0 0 1 1 0 1 1 0 1 1 1 1 0 1 1 1 0 1 0 0 1 0 0 0 0 1 0 1 1 1 0 0 0 0 1 0 0 1 1 0 0 0 1 0 1 0 0 0 0 0 0 0 0 1 1 1 0 1 1 0 1 1 0 0 0 0 0 0 1 1 1 1 0 1 0 1 0 0 0 0 0 1 1 1 1 1 0 1 0 1 1 0 0 0 1 1 1 1 0 0 0 0 1 0 1 0 0 1 1 1 1 1 1 1 0 0 1 1 0 0 1 0 0 1 1 0 1 0 1 1 1 1 1 1 0 1 0 1 1 1 
TT # :   7 NL=220 AI=16 d=6
0 1 1 1 1 1 0 0 0 1 1 1 0 0 1 0 1 1 1 0 0 0 0 1 1 0 1 1 0 1 0 0 0 0 0 0 1 0 0 0 1 1 1 1 0 1 1 0 1 1 1 0 0 1 0 0 0 1 1 1 1 1 1 0 0 1 1 1 1 1 1 1 0 1 1 1 1 0 0 0 0 0 1 1 1 0 1 1 1 1 1 0 1 1 1 0 1 1 1 1 0 0 1 1 0 1 0 1 0 0 1 1 1 0 0 1 0 1 1 0 1 1 1 1 1 1 1 1 1 1 1 0 0 0 0 1 0 1 1 0 1 1 0 0 1 1 0 1 0 0 1 0 1 1 0 1 1 1 1 1 0 1 1 0 1 1 0 0 1 1 1 1 1 1 1 1 1 1 1 0 0 0 0 1 0 0 0 0 1 0 1 1 0 0 0 1 1 1 1 1 0 1 1 0 1 1 1 0 1 0 0 1 1 0 0 1 1 0 1 1 0 0 1 0 1 0 1 1 0 1 0 0 1 1 0 1 0 1 0 1 1 0 1 0 1 1 0 1 1 0 0 0 0 1 1 1 1 1 0 0 1 0 1 0 0 0 1 1 0 0 1 1 0 0 1 1 0 1 0 1 1 0 1 1 0 0 1 0 0 0 1 1 0 1 1 0 0 0 1 0 0 1 1 0 1 1 0 1 1 0 0 0 1 0 1 0 1 1 1 0 1 0 0 1 1 1 1 1 0 0 0 1 0 1 1 0 0 1 0 0 0 0 0 0 0 0 0 0 0 0 1 0 1 1 0 1 1 1 1 1 1 0 1 1 1 0 1 1 1 1 1 1 1 0 1 0 1 0 1 0 1 0 1 0 1 1 0 1 1 0 0 1 0 0 1 1 1 1 1 0 1 0 1 0 0 0 1 0 1 0 0 1 1 1 0 1 1 0 1 0 1 1 1 0 0 1 1 0 1 0 0 1 1 0 1 0 0 1 1 1 0 1 0 1 1 0 1 0 1 1 1 1 0 0 1 0 1 1 1 0 1 0 1 1 0 1 0 1 0 1 0 1 1 1 0 1 1 0 0 0 0 1 0 1 0 0 1 1 0 0 1 1 0 1 1 1 0 1 0 0 0 1 1 0 0 1 1 1 1 1 1 1 